-73.841423 40.897400
-73.854088 40.898457
-73.854355 40.898312
-73.855247 40.897118
-73.857391 40.893250
-73.859283 40.889835
-73.861664 40.885536
-73.862793 40.883480
-73.895226 40.856609
-73.902924 40.848537
-73.903877 40.842720
-73.908012 40.835518
-73.914192 40.823727
-73.918724 40.825268
-73.925064 40.827488
-73.930138 40.829865
-73.930191 40.829983
-73.930145 40.831734
-73.929153 40.833176
-73.927635 40.835861
-73.922798 40.839024
-73.920189 40.846943
-73.915443 40.850243
-73.894485 40.850826
-73.811020 40.822598
