-73.981438 40.577038
-73.956238 40.719151
-73.951729 40.723331
-73.950661 40.723701
-73.947342 40.722630
-73.946182 40.720459
-73.944710 40.716949
-73.944115 40.713383
-73.943413 40.709110
-73.941757 40.706768
-73.942093 40.700947
-73.941971 40.700626
-73.940811 40.696426
-73.940132 40.693096
-73.939705 40.690884
-73.941780 40.687561
-73.941193 40.684589
-73.940613 40.681671
-73.941154 40.679825
-73.941368 40.677498
-73.944481 40.675480
-73.947388 40.672676
-73.947617 40.670227
-73.947884 40.667328
-73.947990 40.663937
-73.948517 40.640083
-73.948311 40.638229
-73.947639 40.631683
-73.972702 40.579983
-73.972588 40.577099
-73.972961 40.575920
-73.974594 40.574978
-73.977448 40.575287
