-87.627802 41.736206
-87.624161 41.739936
-87.621472 41.750920
-87.624492 41.758303
-87.621587 41.769283
-87.623950 41.783675
-87.619634 41.794381
-87.616428 41.807771
-87.613717 41.809500
-87.611654 41.809519
-87.608876 41.809557
-87.604449 41.809458
-87.601503 41.809514
-87.599386 41.809540
-87.596979 41.809561
-87.595132 41.809585
-87.592879 41.809761
-87.590500 41.808023
-87.588083 41.802413
-87.583880 41.795429
-87.586715 41.788058
-87.588752 41.778815
-87.586066 41.773565
-87.582607 41.765990
-87.586005 41.751213
-87.582900 41.736880
-87.585035 41.731341
