-73.997093 40.680058
-73.890778 40.676651
-73.887260 40.677399
-73.883690 40.678364
-73.880074 40.679398
-73.874779 40.680904
-73.869293 40.682472
-73.865852 40.683449
-73.862473 40.684414
-73.859070 40.685375
-73.854332 40.686729
-73.850929 40.687695
-73.847504 40.688667
-73.843376 40.689842
-73.841675 40.690323
-73.835358 40.692120
-73.830086 40.693619
-73.826393 40.694668
-73.821724 40.695755
-73.816643 40.696602
-73.815773 40.702545
-73.829272 40.758291
-73.831887 40.762644
-73.839365 40.766918
-73.841821 40.769240
-73.843733 40.771099
-73.846864 40.774573
