-87.659304 41.978093
-87.654923 41.970241
-87.651957 41.956822
-87.649129 41.940050
-87.645910 41.923589
-87.648361 41.910759
-87.651708 41.896392
-87.647558 41.881853
-87.649577 41.876675
-87.646909 41.864847
-87.644850 41.852597
-87.640721 41.849598
-87.638313 41.848092
-87.635045 41.852651
-87.631300 41.854450
-87.627258 41.865665
-87.627366 41.873151
-87.625055 41.888360
-87.628508 41.903055
-87.631695 41.913775
-87.635925 41.918383
-87.639519 41.923809
-87.642142 41.928631
-87.646038 41.945456
-87.649984 41.961923
-87.652574 41.976500
-87.655019 41.980103
-87.658114 41.983717
-87.660226 41.998130
-87.662412 42.010572
