-73.838997 40.700855
-73.850571 40.702126
-73.855881 40.702709
-73.858925 40.702930
-73.863876 40.703274
-73.867325 40.702988
-73.872650 40.702545
-73.878357 40.702076
-73.882927 40.701714
-73.887108 40.701363
-73.891060 40.701019
-73.896362 40.700584
-73.900993 40.700443
-73.905251 40.700176
-73.910812 40.699825
-73.911797 40.700062
-73.916031 40.695557
-73.919182 40.692352
-73.920380 40.691132
-73.924118 40.689194
-73.929741 40.688553
-73.935616 40.687874
-73.942101 40.690884
-73.944946 40.690556
-73.957428 40.689117
-73.959595 40.688866
-73.976685 40.687141
-73.977013 40.687405
-73.978226 40.687786
-73.987244 40.695698
