-87.679795 41.911809
-87.677703 41.921300
-87.675864 41.932260
-87.673497 41.947005
-87.669172 41.954091
-87.665383 41.959913
-87.668515 41.976275
-87.672699 41.990840
-87.676559 41.997895
-87.674752 42.013662
-87.672421 42.017448
-87.669323 42.019312
-87.666177 42.019195
-87.662412 42.010572
-87.660226 41.998130
-87.663124 41.985575
-87.659304 41.978093
-87.654923 41.970241
-87.652944 41.958360
-87.649410 41.954511
-87.645114 41.952058
-87.642015 41.945974
-87.638928 41.940364
-87.636936 41.936693
-87.639519 41.923809
-87.635925 41.918383
-87.631667 41.911446
