-87.691455 41.822046
-87.689439 41.823077
-87.685092 41.825714
-87.681079 41.828769
-87.677270 41.830425
-87.673917 41.832565
-87.670615 41.834588
-87.668205 41.836067
-87.665255 41.839103
-87.662982 41.839313
-87.659452 41.840820
-87.656334 41.842331
-87.652354 41.844254
-87.648710 41.852679
-87.646325 41.867071
-87.642121 41.874307
-87.639024 41.881937
-87.635633 41.891507
-87.631360 41.898085
-87.628185 41.899007
-87.625055 41.888360
-87.627366 41.873151
-87.624185 41.863883
-87.627020 41.855343
-87.631175 41.852978
-87.635045 41.852651
-87.638380 41.850796
-87.641996 41.848945
-87.646307 41.836251
-87.643224 41.823422
