-87.639670 41.941284
-87.642623 41.932793
-87.639519 41.923809
-87.635164 41.916713
-87.633084 41.915739
-87.628749 41.903875
-87.624422 41.895823
-87.628105 41.879509
-87.624185 41.863883
-87.621982 41.847419
-87.626361 41.834618
-87.630548 41.831030
-87.634842 41.830842
-87.638246 41.845603
-87.634274 41.852941
-87.630354 41.867169
-87.632265 41.881838
-87.634100 41.890106
-87.629804 41.903982
-87.634187 41.915530
-87.638129 41.921858
-87.641055 41.932823
-87.643763 41.948609
-87.646830 41.962162
-87.650923 41.973366
-87.655171 41.985434
-87.658349 41.998274
-87.662803 42.011660
-87.666177 42.019195
